-6.0 0.0024726231566347743
-5.8 0.003018416324708424
-5.6 0.003684239899435989
-5.3999999999999995 0.0044962731609411825
-5.199999999999999 0.005486298899450409
-4.999999999999999 0.006692850924284862
-4.799999999999999 0.008162571153159904
-4.599999999999999 0.009951801866904333
-4.399999999999999 0.012128434984274258
-4.199999999999998 0.01477403169327308
-3.9999999999999982 0.01798620996209159
-3.799999999999998 0.021881270936130515
-3.599999999999998 0.02659699357686591
-3.3999999999999977 0.032295464698450585
-3.1999999999999975 0.03916572279676445
-2.9999999999999973 0.0474258731775669
-2.799999999999997 0.0573241758988689
-2.599999999999997 0.06913842034334701
-2.399999999999997 0.08317269649392262
-2.1999999999999966 0.09975048911968545
-1.9999999999999964 0.11920292202211794
-1.7999999999999963 0.14185106490048824
-1.599999999999996 0.16798161486607607
-1.399999999999996 0.19781611144141892
-1.1999999999999957 0.23147521650098313
-0.9999999999999956 0.268941421369996
-0.7999999999999954 0.31002551887238855
-0.5999999999999952 0.35434369377420566
-0.399999999999995 0.4013123398875492
-0.19999999999999485 0.4501660026875234
5.329070518200751e-15 0.5000000000000013
0.2000000000000055 0.5498339973124793
0.4000000000000057 0.5986876601124533
0.6000000000000059 0.6456563062257968
0.800000000000006 0.6899744811276137
1.0000000000000062 0.731058578630006
1.2000000000000064 0.7685247834990188
1.4000000000000066 0.8021838885585828
1.6000000000000068 0.8320183851339253
1.800000000000007 0.8581489350995131
2.000000000000007 0.8807970779778832
2.2000000000000064 0.9002495108803154
2.4000000000000075 0.9168273035060782
2.6000000000000085 0.9308615796566536
2.800000000000008 0.9426758241011317
3.000000000000007 0.9525741268224335
3.200000000000008 0.9608342772032359
3.4000000000000092 0.9677045353015498
3.6000000000000085 0.9734030064231343
3.800000000000008 0.9781187290638697
4.000000000000009 0.9820137900379086
4.20000000000001 0.9852259683067272
4.400000000000009 0.9878715650157259
4.6000000000000085 0.9900481981330957
4.80000000000001 0.9918374288468401
5.000000000000011 0.9933071490757153
5.20000000000001 0.9945137011005497
5.400000000000009 0.9955037268390589
5.60000000000001 0.9963157601005641
5.800000000000011 0.9969815836752917
