-6.0 0.27941549819892586
-5.8 0.46460217941375737
-5.6 0.6312666378723216
-5.3999999999999995 0.7727644875559877
-5.199999999999999 0.8834546557201536
-4.999999999999999 0.9589242746631387
-4.799999999999999 0.9961646088358408
-4.599999999999999 0.9936910036334643
-4.399999999999999 0.9516020738895156
-4.199999999999998 0.8715757724135873
-3.9999999999999982 0.7568024953079271
-3.799999999999998 0.6118578909427176
-3.599999999999998 0.44252044329485046
-3.3999999999999977 0.25554110202682906
-3.1999999999999975 0.05837414342757743
-2.9999999999999973 -0.14112000805986985
-2.799999999999997 -0.3349881501559076
-2.599999999999997 -0.5155013718214668
-2.399999999999997 -0.6754631805511533
-2.1999999999999966 -0.8084964038195922
-1.9999999999999964 -0.9092974268256832
-1.7999999999999963 -0.973847630878196
-1.599999999999996 -0.9995736030415053
-1.399999999999996 -0.9854497299884595
-1.1999999999999957 -0.9320390859672248
-0.9999999999999956 -0.8414709848078941
-0.7999999999999954 -0.7173560908995196
-0.5999999999999952 -0.5646424733950314
-0.399999999999995 -0.3894183423086459
-0.19999999999999485 -0.19866933079505616
5.329070518200751e-15 5.329070518200751e-15
0.2000000000000055 0.1986693307950666
0.4000000000000057 0.38941834230865574
0.6000000000000059 0.5646424733950401
0.800000000000006 0.717356090899527
1.0000000000000062 0.8414709848078998
1.2000000000000064 0.9320390859672286
1.4000000000000066 0.9854497299884613
1.6000000000000068 0.999573603041505
1.800000000000007 0.9738476308781936
2.000000000000007 0.9092974268256787
2.2000000000000064 0.8084964038195864
2.4000000000000075 0.6754631805511454
2.6000000000000085 0.5155013718214569
2.800000000000008 0.33498815015589756
3.000000000000007 0.1411200080598602
3.200000000000008 -0.058374143427588066
3.4000000000000092 -0.25554110202684027
3.6000000000000085 -0.44252044329486
3.800000000000008 -0.6118578909427252
4.000000000000009 -0.7568024953079341
4.20000000000001 -0.871575772413593
4.400000000000009 -0.9516020738895188
4.6000000000000085 -0.9936910036334654
4.80000000000001 -0.9961646088358398
5.000000000000011 -0.9589242746631355
5.20000000000001 -0.8834546557201486
5.400000000000009 -0.7727644875559815
5.60000000000001 -0.6312666378723133
5.800000000000011 -0.46460217941374715
